age,bmi,child,gender_male,smoker_yes,region_northwest,region_southeast,region_southwest,charges,linear_prediction,decisiontree_prediction,randomforest_prediction
49,29,1,1,0,0,0,0,9288,10931.952995894477,9778.0,10954.771244584252
38,19,2,0,0,1,0,0,6933,5292.631739917524,7133.0,7615.299481021732
49,22,1,0,0,1,0,0,9566,8562.123827805473,9644.0,10436.430795158081
54,47,0,0,1,0,1,0,63770,40320.060440416586,47462.0,46636.85884728637
37,30,0,0,1,0,0,0,37270,31564.61154697797,35491.0,36275.63725393006
29,32,2,0,0,1,0,0,4922,7069.061587993441,4433.0,8641.640675287457
33,26,0,0,0,1,0,0,4571,5201.310320417948,5385.0,5289.231074584611
18,23,0,1,0,0,1,0,1121,-402.1674708974424,1704.5,1664.538815254925
48,36,1,1,0,1,0,0,28468,12500.61155440957,8671.0,9676.18120101259
30,28,1,0,1,0,1,0,19521,28671.045154531545,19350.0,19940.990194366248
21,31,0,1,0,0,1,0,16586,2887.3122302844367,1674.0,1997.6482707985067
18,23,1,1,0,0,1,0,1711,101.97639799769422,1837.0,3052.255148907042
22,37,2,1,1,0,1,0,37484,29739.48201498913,37165.0,38858.4453979364
64,24,1,1,0,1,0,0,30166,12839.471689848655,14349.0,15867.890317745516
34,27,1,0,0,0,0,1,5003,5824.389087196294,5012.0,5826.821029784148
58,35,0,1,0,0,0,1,11362,13800.960802020032,11944.0,12123.205441938911
25,34,0,0,0,1,0,0,3021,5661.332628461732,3201.0,3860.8882412135636
50,27,3,0,0,0,1,0,19749,10810.773171715715,10702.0,11703.32934252213
36,28,1,1,1,0,0,0,20773,30971.624136370592,20009.0,20595.934051876608
60,35,0,0,0,0,0,1,12644,14525.863105135417,12638.0,14090.119594933938
26,46,1,1,0,0,1,0,2927,9398.465914285476,3238.0,4599.910498566594
46,24,3,1,0,0,0,0,9500,9594.939596147862,8604.0,9976.737961808465
59,37,0,1,0,0,0,1,21797,14687.636577159552,12741.0,13005.535259652263
42,24,2,0,0,1,0,0,8017,7895.156276830607,7640.0,8077.267427404372
56,28,0,0,0,0,0,0,11657,12124.102239114014,11658.0,11718.373989395166
33,18,1,0,0,0,0,1,4766,2734.6299968851345,6753.0,7414.805986581912
24,33,4,1,0,0,0,0,17128,7272.704369701787,4504.0,6490.353880130642
35,17,1,1,0,1,0,0,5116,3176.90979276749,6753.0,7610.967274837612
38,40,0,0,0,0,1,0,5400,10303.101214977643,5397.0,7412.6170182800515
28,22,2,1,0,0,0,0,4428,3831.3221627179737,4719.0,7153.338850405072
48,28,0,0,0,0,0,1,8277,9236.098997449488,21232.0,11766.431814655007
21,25,0,0,0,0,0,1,2007,1346.888650647361,2102.0,2380.451457434806
23,34,0,1,0,0,0,1,1826,4483.415635971709,1824.0,3573.58448052972
20,28,0,0,0,0,0,0,2457,2864.0598615711606,1967.0,2457.5578064291617
64,25,2,1,0,0,0,1,14988,13205.327057250812,16069.0,16386.338614396624
30,28,1,0,0,1,0,0,4527,5563.23636694784,4237.0,5626.560524287494
40,36,0,0,0,0,1,0,5920,9558.643262203372,5662.0,7574.4703264394575
27,29,0,1,1,0,1,0,18246,27499.501771026495,18310.0,18978.366778992156
19,44,0,1,1,0,1,0,39722,30162.607394241924,39611.0,38501.57898418758
19,29,0,0,0,0,0,1,1744,2091.3466034216326,1748.0,2946.8069267610945
33,39,1,0,0,0,1,0,4795,9206.40189911017,6551.0,7149.026733347003
21,23,0,1,0,0,1,0,1515,369.50272723112903,2731.0,1875.960325048374
31,31,3,1,0,1,0,0,5425,7562.470563396291,5428.0,6724.195072835398
41,28,1,0,0,1,0,0,7153,8392.693760085931,6770.0,7272.088679546754
20,39,2,1,1,0,0,1,38344,29991.96563528997,37165.0,39232.139881054085
59,31,2,1,0,0,1,0,12928,13670.08914436994,12925.0,15888.089039563574
54,32,0,0,0,0,0,0,10923,12868.560191888282,10564.0,12115.355465446035
20,28,0,0,0,1,0,0,2257,2486.8585042908,1906.0,2448.2679842211346
32,30,1,1,0,0,1,0,4074,5906.187304436004,4562.0,5294.795144245741
35,23,2,0,0,0,0,0,6402,6157.067650595971,5227.0,8484.830174858564
59,28,0,1,0,1,0,0,12129,12308.115575599219,12124.0,13155.245083395606
26,23,2,1,0,0,0,1,3484,2801.3855051922546,3906.0,5870.885089109505
29,35,0,0,0,0,1,0,3366,6414.459681183616,3972.0,4291.441737665339
23,36,2,0,1,0,0,0,38511,30860.128820791557,37165.0,39047.21906091298
26,29,1,1,0,0,1,0,2902,4048.1207202971964,3392.0,4492.135230632692
63,33,0,1,0,0,0,1,13393,14457.625423137659,13462.0,13619.054281416262
22,28,0,0,0,0,1,0,2156,2410.812570378639,2155.0,2489.967911697832
57,43,1,1,0,0,0,1,11576,16565.690774592287,16137.5,12418.03667432405
62,32,0,1,1,0,0,0,45710,38414.19340278305,46599.0,47205.84641481663
33,24,0,1,1,0,0,0,17904,28436.905317820223,20009.0,19772.675617106957
52,30,0,0,0,0,0,0,23045,11724.661017372578,10797.0,11453.734241499686
19,34,0,1,1,0,0,1,34828,27152.823558715194,34779.0,36660.71758506858
20,21,0,0,1,0,0,1,20167,23529.062019992758,14571.0,16384.286545966137
46,33,1,0,0,0,1,0,8240,10661.94896371066,8823.0,9501.530268346643
22,30,0,0,0,0,0,0,2741,4007.959036086868,2166.0,3022.178300289562
20,29,0,1,0,1,0,0,1769,2591.12918780946,1639.0,2069.2069394282075
49,28,1,1,0,0,0,1,8703,9787.010761357815,21232.0,11201.021772342985
19,30,0,1,0,1,0,0,1639,2648.631976314933,1639.0,2268.66475039186
43,35,3,1,1,0,1,0,42124,35015.86489502094,40941.0,42824.08029918752
24,32,0,1,1,0,0,1,34472,27809.48817983282,36085.0,35493.57053068784
51,37,3,0,1,0,0,0,46255,38881.25406010169,46661.0,44964.82507724575
59,26,0,1,0,0,1,0,11743,11088.170467171352,12815.0,14070.28428424351
23,34,3,0,0,1,0,0,4466,6659.317436394762,4618.0,8205.626423312924
52,46,5,0,0,0,1,0,12592,18313.305278009975,12485.0,15105.444335292092
22,52,1,1,1,0,1,0,44501,33956.230964318944,42112.0,38995.748858321655
49,34,1,0,0,1,0,0,9583,12338.838082385439,8765.0,11175.399113200476
61,35,0,0,0,0,0,0,13635,15613.302551166606,13143.0,14375.082229333415
48,25,3,0,1,0,1,0,24180,33365.17551744825,23807.0,23249.717795552784
60,18,0,0,0,0,0,0,13204,10005.733957802138,13616.0,15220.401663675962
55,32,0,1,0,1,0,0,10601,12538.126729621112,20630.0,12297.260153936291
21,33,2,0,0,1,0,0,3579,5326.000580865584,26018.0,8258.648324390955
46,26,1,1,0,0,1,0,7742,8248.410144176014,7518.0,9643.636180209201
27,34,1,0,0,0,0,1,3577,6226.908606734607,3410.0,5574.700333720742
18,28,1,1,0,0,0,0,11272,2643.3014273509143,1842.0,3559.8597954717093
25,41,0,0,0,0,0,0,17878,8241.617300913738,3213.0,3859.643791816699
19,28,0,1,0,0,0,1,1253,1566.1649111769657,1252.0,1896.080837092327
59,36,1,0,0,0,1,0,28287,14950.031719246123,27941.0,15496.624790166781
28,30,0,1,0,1,0,0,3062,4963.642570700647,19673.0,4726.283315720157
30,35,0,1,1,0,1,0,36950,30159.529096445047,36837.0,39975.84773974892
40,34,1,1,0,0,0,0,6600,10190.573340917079,6112.0,7461.344056251089
27,33,2,1,0,1,0,0,4058,6658.885472759721,19442.0,7736.098409708098
61,31,0,0,0,1,0,0,13429,13977.196442359593,13143.0,14435.593401111533
27,30,0,1,0,0,0,1,2494,4253.404481949816,3070.0,3669.078953592256
19,40,0,0,0,0,0,1,1759,5553.33467011993,2217.0,3519.2002594096234
61,38,0,1,0,1,0,0,12950,15969.824253168234,13143.0,13845.496993899334
18,17,2,1,1,0,0,0,12829,23383.758749795998,13747.0,16380.154355067554
52,31,2,0,0,1,0,0,11187,12670.47358576415,29186.0,14417.480184297665
34,30,1,0,1,1,0,0,43943,30919.88386046418,37701.0,36947.56959527408
56,27,0,0,0,0,0,1,11073,10979.160004577345,11455.0,11634.299479338626
60,25,0,1,0,0,1,0,12142,11030.667678665879,24513.0,15271.841206415926
28,17,0,0,0,0,0,0,3732,1459.8589898823848,2680.0,5153.9974626141475
24,39,0,0,0,0,1,0,2480,6387.247435829318,2473.0,4426.731632703565
60,36,0,0,0,0,0,0,13228,15670.805339672079,12622.0,14499.997866388721
63,36,0,1,0,0,0,0,13981,16232.02003343765,13555.0,13936.138105084818
23,31,3,1,1,0,0,0,36189,29580.186245915378,35595.0,35166.53258361984
52,33,0,1,0,0,0,0,9722,12458.384076654565,9140.0,11413.47347971637
27,30,1,0,0,0,0,0,16796,5798.219901862954,18804.0,6895.339890940291
34,27,0,0,0,0,1,0,4415,5182.767175011259,4185.0,5102.882051702099
45,30,2,0,0,0,0,1,8520,10102.168912874517,8825.0,9519.75733085458
18,35,0,0,0,0,0,0,2211,4552.696377990425,1629.0,3870.4885267724408
27,18,3,1,0,0,0,0,4827,2819.3378807102636,3594.0,6812.350245283274
40,33,3,0,0,0,1,0,7682,10126.89630524379,8538.0,8153.73795022749
47,33,3,0,0,1,0,0,10115,12517.952833541665,11085.0,10853.448656749362
23,37,3,1,0,0,0,1,3597,6940.02580630211,3591.0,4964.817561299684
58,34,0,1,0,1,0,0,11743,13939.24930351301,11944.0,12420.217002033522
47,36,1,0,0,0,0,1,8556,12000.828970021743,8551.0,10329.650540288416
52,23,0,0,0,0,0,0,10197,9521.577702200932,10422.0,11828.252561259093
57,29,0,0,1,0,1,0,27533,35426.6592566752,27808.0,27578.746300400635
42,37,2,1,0,0,1,0,7162,11185.648482264689,7650.0,8711.131189559017
49,25,2,1,1,0,0,1,23306,33045.27758685621,23807.0,23480.29744650691
41,32,3,0,0,0,0,1,7954,10206.87156002822,8538.0,7940.815669688768
35,24,1,1,0,1,0,0,5125,5379.993107939135,5266.0,7019.9139730377365
30,24,3,1,1,0,0,1,18259,28347.45067972206,17496.0,18745.133732293605
64,39,0,0,0,0,0,0,14901,17643.877500821833,14319.0,14295.549874469027
31,21,0,0,0,1,0,0,4134,3113.2325822572493,4544.0,5382.213287499232
44,20,1,0,1,0,0,0,19594,30722.05733268981,19798.0,23007.68484743055
30,25,0,1,0,0,0,0,3645,4281.659787325072,2866.0,3884.7611456977766
45,33,0,0,0,0,0,1,7345,10038.059738729236,7348.0,9658.069047290455
48,33,0,0,1,0,1,0,40974,34370.553413816146,42969.0,43876.47483981042
21,21,1,0,1,0,0,0,15359,25120.645334919092,14571.0,16405.974785042145
25,30,0,0,0,0,0,1,2632,3949.413187560438,3172.0,4197.098576556942
61,36,1,1,1,0,0,1,47403,39089.80257717365,48173.0,47491.200650125196
36,29,4,0,0,0,1,0,7243,8343.241825107514,8162.0,7178.279682812906
19,36,0,1,1,1,0,0,36219,28235.290623853165,36149.0,38491.75711722108
